               total        used        free      shared  buff/cache   available
Mem:            7914        2371        2062          53        3726        5543
Swap:           2048         511        1536
  throughput : 4281 orders/s over 233.594 s
  memory     : VmHWM: 1921768 kB, VmRSS: 1893516 kB
swap-in total 74 swap-out total 30709 min free KB -----io----

# vmstat 5 during the run (VM-wide)
procs -----------memory---------- ---swap-- -----io---- -system-- -------cpu-------
 r  b   swpd   free   buff  cache   si   so    bi    bo   in   cs us sy id wa st gu
 0  0 524132 2107448 703532 3114932    0    1     7   160 2866   10  3  2 94  0  0  0
 1  0 524132 1725232 703616 3271416    0    0    28  1881 6825 12702 19  7 74  0  0  0
 1  0 524132 1244212 703632 3412700    0    0     0    73 4063 12478 19  6 75  0  0  0
 3  0 524132 790660 703720 3532888    0    0     0   366 4840 9127 19  7 74  0  0  0
 3  0 524132 337176 703728 3676668    0    0     0    54 3461 6623 17  5 78  0  0  0
 3  0 526188  76888 701340 3700840    0  374     0   374 4129 16020 20 16 64  0  0  0
 1  1 534932 225216 699908 3700184    0 1759     0  1843 2035 3183  5 14 64 17  0  0
 4  0 535444  82884 697256 3745020    0  119   992   262 4332 12868 14 12 68  6  0  0
 8  0 540068  85812 693720 3722452    0  961     1  1022 1989 3640  3 18 69 10  0  0
 4  0 540068  79452 688064 3697524    0    0     0     4 1673 3703  5 38 55  2  0  0
10  1 540068  76164 679508 3669164    5    0     5    34 1006 2206  4 34 61  1  0  0
29  0 540068  76312 673628 3646172    0    7     0    41  584 3922  7 79 14  0  0  0
 5  0 540580  63412 673144 3640260    0   76   261   107  688 1791  6 77 16  1  0  0
11  2 549068  74992 668720 3595276    0 1691     0  1722  854 2408  6 64 31  0  0  0
 8  3 555492  71376 663028 3581376    0 1276     0  1319  629 1935 10 79 11  1  0  0
25  0 555492  78160 661824 3543136    0    0     3   103  498 1298  8 92  0  0  0  0
12  1 556772  75932 659116 3530896    0  236    58   382  520 2292  8 88  3  0  0  0
13  1 559348  73768 657104 3524316    0  520     0   619  301  929  8 82 10  0  0  0
29  2 560116  65188 656376 3514536    0  149     0   307  464 1976 12 86  1  1  0  0
29  1 568084  62924 647660 3477960    0 1629    14  1720  463 2304 11 88  0  0  0  0
22  0 568084  76056 643924 3436616    0    1    19   158  803 3048  7 89  2  2  0  0
procs -----------memory---------- ---swap-- -----io---- -system-- -------cpu-------
 r  b   swpd   free   buff  cache   si   so    bi    bo   in   cs us sy id wa st gu
33  0 568340  84116 637752 3419252    3   60     3    73  422 3046 11 83  6  0  0  0
39  0 568340  81164 637756 3418500    0    0     0    38  365  902  4 73 23  0  0  0
36  2 572452  79720 633428 3407704    0  795   108   798  487 2187  8 90  0  1  0  0
15 10 581700  63204 631352 3397524    0 1861     0  1886  684 1863 11 87  1  1  0  0
34 15 591724  80680 626140 3356268    0 2045    41  2045  630 2506  6 74  0 21  0  0
24 21 597636  78480 623584 3331560    0 1180     5  1182  555 1980  7 89  0  4  0  0
17 20 607660  79864 615768 3313132    0 2010     0  2010  616 2256  5 76  0 19  0  0
26 27 615884  67976 615336 3307716    2 1672    10  1672  528 1873  7 89  0  4  0  0
20 28 627196  83304 608760 3251864    0 2241    21  2242  620 3107  6 90  0  3  0  0
25 31 627196  73044 606132 3244428    5    0     5     0  631 4061 18 81  0  1  0  0
27 15 627196  93136 599348 3232996    0    0   147    25  590 13438 28 72  0  0  0  0
35 15 627196  83924 597796 3217548    0    0    22     1  944 146613 53 38  0  9  0  0
34 17 627196  75884 594328 3207992    0    0    34    16 1817 29872 57 39  3  1  0  0
29  0 627196  81052 587120 3204076    0    2   601   174  883 2661 25 72  2  1  0  0
40  0 631308  85132 580336 3186016    2  742   784   883 1015 4578 20 79  0  1  0  0
32  4 635676  79364 576140 3157060    2  900   711   916  626 3934 18 80  2  0  0  0
29 11 639532  76440 569556 3136168    2  785    26   844  507 2749 18 82  0  0  0  0
30  4 645956  85704 561020 3104484    3 1315   346  1408  734 3536  7 89  1  3  0  0
16 10 652380  74628 560848 3101844    1 1253    45  1298  847 10479 20 74  3  3  0  0
15 16 672684  74612 560200 3064900    0 4010     2  4010  342 4346 10 89  0  1  0  0
13 21 672684  84728 554576 3013352    0    0     0    10  570 6313 20 80  0  0  0  0
procs -----------memory---------- ---swap-- -----io---- -system-- -------cpu-------
 r  b   swpd   free   buff  cache   si   so    bi    bo   in   cs us sy id wa st gu
24 21 672684  86208 553668 2985232    0    0     0     0  260 4084 11 87  0  2  0  0
32  1 672684  77020 551468 2936244    0    6    38    66  389 6760 15 83  0  1  0  0
37  0 676276  99928 551148 2920164    0  774  1150   991  810 11030 14 82  3  1  0  0
 3  0 677564 669680 551884 2962168   48  259  1719  1852 8323 67974 41 36 18  5  0  0
 1  0 677564 1529428 552252 2970892    1    0   236  1239 8215 14504 24  8 67  1  0  0
